08f3
0295
0000
0000
0000
0000
0001
0000
0000
0000
0000
075d
0228
0000
0000
0000
0000
0000
0000
0000
0000
0000
06d3
0233
0000
0000
0000
0000
0001
0000
0000
0000
0000
064f
01f5
0000
0000
0000
0000
0001
0000
0000
0000
0000
04bc
01c0
0000
0000
0000
0000
0001
0000
0000
0000
0000
0105
0017
0000
0000
0000
0000
0001
0000
0000
0000
0000
013a
0062
0000
0000
0000
0000
0100
0000
0000
0000
0000
06fe
011c
0000
0000
0000
0000
0100
0000
0000
0000
0000
11c2
0187
0000
0000
0000
0000
0002
0000
0000
0000
0000
0f39
01e6
0000
0000
0000
0000
0100
0000
0000
0000
0000
1375
01c9
0000
0000
0000
0000
0100
0000
0000
0000
0000
08b7
025a
0000
0000
0000
0000
0000
0000
0000
0000
0000
0777
021a
0000
0000
0000
0000
00ff
0000
0000
0000
0000
06a4
0228
0000
0000
0000
0000
0100
0000
0000
0000
0000
06c6
0233
0000
0000
0000
0000
0001
0000
0000
0000
0000
04be
0190
0000
0000
0000
0000
00ff
0000
0000
0000
0000
0113
0059
0000
0000
0000
0000
0001
0000
0000
0000
0000
0157
0057
0000
0000
0000
0000
00ff
0000
0000
0000
0000
072d
010f
0000
0000
0000
0000
0000
0000
0000
0000
0000
12bf
010f
0000
0000
0000
0000
0100
0000
0000
0000
0000
0f4c
01d4
0000
0000
0000
0000
0100
0000
0000
0000
0000
1463
0221
0000
0000
0000
0000
0102
0000
0000
0000
0000
1153
0221
0000
0000
0000
0000
0000
0000
0000
0000
0000
1070
022e
0000
0000
0000
0000
0000
0000
0000
0000
0000
0ddd
0291
0000
0000
0000
0000
0000
0000
0000
0000
0000
095c
026f
0000
0000
0000
0000
0000
0000
0000
0000
0000
0bf9
02b6
0000
0000
0000
0000
00ff
0000
0000
0000
0000
0cac
0295
0000
0000
0000
0000
0001
0000
0000
0000
0000
11d2
0000
00c6
00a1
00fe
013e
0000
0102
0002
00ff
01fe
0f54
02cc
0000
0000
0000
0000
0100
0000
0000
0000
0000
0ed4
0285
0000
0000
0000
0000
0001
0000
0000
0000
0000
0ca2
0267
0000
0000
0000
0000
0100
0000
0000
0000
0000
0d10
02b5
0000
0000
0000
0000
0100
0000
0000
0000
0000
1113
020e
0000
0000
0000
0000
0000
0000
0000
0000
0000
0f5e
0225
0000
0000
0000
0000
00ff
0000
0000
0000
0000
0e24
0285
0000
0000
0000
0000
0000
0000
0000
0000
0000
094b
0295
0000
0000
0000
0000
0100
0000
0000
0000
0000
0be3
02c4
0000
0000
0000
0000
00ff
0000
0000
0000
0000
0c54
02c5
0000
0000
0000
0000
0002
0000
0000
0000
0000
11b3
02e6
0000
0000
0000
0000
0100
0000
0000
0000
0000
0f0a
0301
0000
0000
0000
0000
0100
0000
0000
0000
0000
102c
028e
0000
0000
0000
0000
0001
0000
0000
0000
0000
0d07
0248
0000
0000
0000
0000
0100
0000
0000
0000
0000
0c72
02be
0000
0000
0000
0000
0100
0000
0000
0000
0000
26d9
02fe
0000
0000
0000
0000
0000
0000
0000
0000
0000
2317
034f
0000
0000
0000
0000
00f7
0000
0000
0000
0000
1fe7
031d
0000
0000
0000
0000
00ff
0000
0000
0000
0000
19f7
02e7
0000
0000
0000
0000
00fd
0000
0000
0000
0000
11f5
033a
0000
0000
0000
0000
00fe
0000
0000
0000
0000
0dea
02b6
0000
0000
0000
0000
0000
0000
0000
0000
0000
0ac0
02af
0000
0000
0000
0000
0003
0000
0000
0000
0000
0fe6
0309
0000
0000
0000
0000
0100
0000
0000
0000
0000
0df1
026a
0000
0000
0000
0000
00fe
0000
0000
0000
0000
0fcf
029e
0000
0000
0000
0000
0100
0000
0000
0000
0000
0ec7
033d
0000
0000
0000
0000
0100
0000
0000
0000
0000
2a35
0000
008d
0091
010d
0142
0000
0001
0001
0000
00fd
2699
02b4
0000
0000
0000
0000
00ff
0000
0000
0000
0000
2336
03be
0000
0000
0000
0000
0100
0000
0000
0000
0000
1d3f
02fb
0000
0000
0000
0000
00ff
0000
0000
0000
0000
146d
02de
0000
0000
0000
0000
00fd
0000
0000
0000
0000
0fd7
039b
0000
0000
0000
0000
0100
0000
0000
0000
0000
0c2a
02f3
0000
0000
0000
0000
0003
0000
0000
0000
0000
10cf
0000
009a
009c
00e6
0117
0000
00fd
01fe
00fe
00f9
0d7e
0289
0000
0000
0000
0000
00ff
0000
0000
0000
0000
0fef
02dd
0000
0000
0000
0000
00fd
0000
0000
0000
0000
1095
03dc
0000
0000
0000
0000
00ff
0000
0000
0000
0000
0bd9
0000
01a3
0138
013c
0115
0000
ff06
ff02
0003
0003
08b9
051f
0000
0000
0000
0000
0004
0000
0000
0000
0000
08f1
0464
0000
0000
0000
0000
0004
0000
0000
0000
0000
05ed
03e2
0000
0000
0000
0000
0004
0000
0000
0000
0000
0a3d
0000
0179
0142
02b4
0169
0000
0004
0003
ff02
0304
081c
0000
01e1
013f
0066
0079
0000
0001
0100
ff02
0100
0b38
0442
0000
0000
0000
0000
00ff
0000
0000
0000
0000
0fc6
0000
0110
0163
0189
0161
0000
00fd
00fd
00ff
00ff
08ae
051d
0000
0000
0000
0000
0203
0000
0000
0000
0000
0cfc
0603
0000
0000
0000
0000
00fb
0000
0000
0000
0000
0bb5
0000
01c6
01b7
0199
010f
0000
0205
0100
0205
0100
0a9a
0000
0190
021e
00f3
010b
0000
0007
0001
0003
0003
0c6a
05ba
0000
0000
0000
0000
0004
0000
0000
0000
0000
0758
045d
0000
0000
0000
0000
0003
0000
0000
0000
0000
06f7
03d0
0000
0000
0000
0000
0004
0000
0000
0000
0000
09ac
0000
0141
0177
032d
0153
0000
0005
0004
ff02
0001
075c
0000
016d
00de
0071
0067
0000
0001
0100
fe01
00ff
0a7c
0399
0000
0000
0000
0000
00ff
0000
0000
0000
0000
108f
0000
0139
0158
019b
0156
0000
00ff
00fd
00ff
00ff
08d4
0000
014a
0111
00e3
00ba
0000
01fc
01fe
00ff
01fe
0a94
0000
0169
0153
0104
0134
0000
0201
02ff
00fd
00fd
0bb6
0634
0000
0000
0000
0000
0207
0000
0000
0000
0000
20af
022f
0000
0000
0000
0000
0001
0000
0000
0000
0000
1e68
01e0
0000
0000
0000
0000
00ff
0000
0000
0000
0000
1d26
0237
0000
0000
0000
0000
00ff
0000
0000
0000
0000
1d73
0239
0000
0000
0000
0000
0001
0000
0000
0000
0000
1d2e
0248
0000
0000
0000
0000
00ff
0000
0000
0000
0000
1dca
0210
0000
0000
0000
0000
0000
0000
0000
0000
0000
1d32
023b
0000
0000
0000
0000
00fe
0000
0000
0000
0000
1b41
01ff
0000
0000
0000
0000
00ff
0000
0000
0000
0000
1bf5
0396
0000
0000
0000
0000
00ff
0000
0000
0000
0000
1c2d
0257
0000
0000
0000
0000
00ff
0000
0000
0000
0000
1c60
02ae
0000
0000
0000
0000
00ff
0000
0000
0000
0000
21da
0268
0000
0000
0000
0000
0001
0000
0000
0000
0000
1f44
0237
0000
0000
0000
0000
00ff
0000
0000
0000
0000
1dc2
0296
0000
0000
0000
0000
00ff
0000
0000
0000
0000
1e94
022b
0000
0000
0000
0000
00ff
0000
0000
0000
0000
1e37
01e2
0000
0000
0000
0000
0000
0000
0000
0000
0000
1ebc
0248
0000
0000
0000
0000
00ff
0000
0000
0000
0000
1e11
0200
0000
0000
0000
0000
00ff
0000
0000
0000
0000
1c77
0231
0000
0000
0000
0000
00ff
0000
0000
0000
0000
1d79
0441
0000
0000
0000
0000
00ff
0000
0000
0000
0000
1c03
030d
0000
0000
0000
0000
00ff
0000
0000
0000
0000
1d1a
0278
0000
0000
0000
0000
00ff
0000
0000
0000
0000
037d
02a9
0000
0000
0000
0000
0100
0000
0000
0000
0000
02ff
0226
0000
0000
0000
0000
00ff
0000
0000
0000
0000
0306
0235
0000
0000
0000
0000
0100
0000
0000
0000
0000
02f7
01f5
0000
0000
0000
0000
00ff
0000
0000
0000
0000
03cd
0231
0000
0000
0000
0000
00ff
0000
0000
0000
0000
03cd
0265
0000
0000
0000
0000
0100
0000
0000
0000
0000
0301
01ef
0000
0000
0000
0000
00ff
0000
0000
0000
0000
02c5
024e
0000
0000
0000
0000
fffe
0000
0000
0000
0000
02f5
01dd
0000
0000
0000
0000
00ff
0000
0000
0000
0000
0333
01dd
0000
0000
0000
0000
00ff
0000
0000
0000
0000
0368
01ea
0000
0000
0000
0000
00ff
0000
0000
0000
0000
033c
0229
0000
0000
0000
0000
00ff
0000
0000
0000
0000
02df
0214
0000
0000
0000
0000
00ff
0000
0000
0000
0000
0294
021f
0000
0000
0000
0000
ff00
0000
0000
0000
0000
0329
020c
0000
0000
0000
0000
0000
0000
0000
0000
0000
0370
01fa
0000
0000
0000
0000
00ff
0000
0000
0000
0000
0384
020c
0000
0000
0000
0000
0000
0000
0000
0000
0000
02a4
01ce
0000
0000
0000
0000
0100
0000
0000
0000
0000
02f7
01d7
0000
0000
0000
0000
00ff
0000
0000
0000
0000
0286
01dc
0000
0000
0000
0000
00ff
0000
0000
0000
0000
031c
01d3
0000
0000
0000
0000
00ff
0000
0000
0000
0000
0387
022a
0000
0000
0000
0000
00ff
0000
0000
0000
0000
2abe
0259
0000
0000
0000
0000
0000
0000
0000
0000
0000
2aed
0231
0000
0000
0000
0000
00ff
0000
0000
0000
0000
2d3a
022c
0000
0000
0000
0000
00ff
0000
0000
0000
0000
2c0e
0000
00cc
0098
00a8
00bf
0000
0000
00fe
00ff
00ff
29e0
025d
0000
0000
0000
0000
00ff
0000
0000
0000
0000
2e30
01bb
0000
0000
0000
0000
00ff
0000
0000
0000
0000
2e2e
01bc
0000
0000
0000
0000
00ff
0000
0000
0000
0000
2e49
01cb
0000
0000
0000
0000
00ff
0000
0000
0000
0000
2e2d
01ef
0000
0000
0000
0000
00ff
0000
0000
0000
0000
2d92
01bb
0000
0000
0000
0000
00ff
0000
0000
0000
0000
2c30
022e
0000
0000
0000
0000
00ff
0000
0000
0000
0000
2a6e
0281
0000
0000
0000
0000
0000
0000
0000
0000
0000
2a29
022a
0000
0000
0000
0000
00ff
0000
0000
0000
0000
2ca9
022d
0000
0000
0000
0000
00ff
0000
0000
0000
0000
2aca
02a5
0000
0000
0000
0000
0000
0000
0000
0000
0000
2a40
026f
0000
0000
0000
0000
0000
0000
0000
0000
0000
2dd8
01d5
0000
0000
0000
0000
00ff
0000
0000
0000
0000
2e0a
01d4
0000
0000
0000
0000
00ff
0000
0000
0000
0000
2e29
01f4
0000
0000
0000
0000
00ff
0000
0000
0000
0000
2e75
01d7
0000
0000
0000
0000
00ff
0000
0000
0000
0000
2d89
022c
0000
0000
0000
0000
00fe
0000
0000
0000
0000
2c21
02a3
0000
0000
0000
0000
00ff
0000
0000
0000
0000
08d4
0284
0000
0000
0000
0000
0100
0000
0000
0000
0000
0885
0258
0000
0000
0000
0000
0100
0000
0000
0000
0000
0668
0269
0000
0000
0000
0000
0100
0000
0000
0000
0000
071e
0000
00a0
0080
00ba
007e
0000
0100
0100
0100
0100
050f
018a
0000
0000
0000
0000
0100
0000
0000
0000
0000
06ee
0093
0000
0000
0000
0000
0100
0000
0000
0000
0000
092a
010a
0000
0000
0000
0000
0102
0000
0000
0000
0000
0bdf
0179
0000
0000
0000
0000
0100
0000
0000
0000
0000
1590
0215
0000
0000
0000
0000
0102
0000
0000
0000
0000
0fa0
01bc
0000
0000
0000
0000
0100
0000
0000
0000
0000
150a
01e0
0000
0000
0000
0000
0100
0000
0000
0000
0000
08f0
024c
0000
0000
0000
0000
0100
0000
0000
0000
0000
0914
0257
0000
0000
0000
0000
0100
0000
0000
0000
0000
06bf
026e
0000
0000
0000
0000
0100
0000
0000
0000
0000
077c
0000
00b9
007e
00a0
009c
0000
0001
02ff
0100
0100
055d
0173
0000
0000
0000
0000
0100
0000
0000
0000
0000
0857
00d0
0000
0000
0000
0000
01fe
0000
0000
0000
0000
0ac9
0128
0000
0000
0000
0000
0102
0000
0000
0000
0000
0cfd
01ae
0000
0000
0000
0000
0100
0000
0000
0000
0000
1552
01b5
0000
0000
0000
0000
0100
0000
0000
0000
0000
0f37
0216
0000
0000
0000
0000
0100
0000
0000
0000
0000
147f
01d4
0000
0000
0000
0000
0100
0000
0000
0000
0000
0b31
01ff
0000
0000
0000
0000
0100
0000
0000
0000
0000
0a3d
01f1
0000
0000
0000
0000
0100
0000
0000
0000
0000
0f35
0256
0000
0000
0000
0000
0100
0000
0000
0000
0000
0b63
0242
0000
0000
0000
0000
0100
0000
0000
0000
0000
09c2
02ee
0000
0000
0000
0000
01fe
0000
0000
0000
0000
0b57
030e
0000
0000
0000
0000
0102
0000
0000
0000
0000
1161
0324
0000
0000
0000
0000
01fe
0000
0000
0000
0000
0e51
029b
0000
0000
0000
0000
0100
0000
0000
0000
0000
0ef4
0274
0000
0000
0000
0000
0100
0000
0000
0000
0000
0d41
0290
0000
0000
0000
0000
0100
0000
0000
0000
0000
0a53
02e1
0000
0000
0000
0000
0100
0000
0000
0000
0000
0aa3
01b4
0000
0000
0000
0000
0100
0000
0000
0000
0000
0a35
0218
0000
0000
0000
0000
0100
0000
0000
0000
0000
0f5b
026a
0000
0000
0000
0000
0100
0000
0000
0000
0000
0c32
0269
0000
0000
0000
0000
0100
0000
0000
0000
0000
09c0
031e
0000
0000
0000
0000
00fe
0000
0000
0000
0000
0b9f
0301
0000
0000
0000
0000
0102
0000
0000
0000
0000
1218
02de
0000
0000
0000
0000
0100
0000
0000
0000
0000
0e17
029e
0000
0000
0000
0000
0100
0000
0000
0000
0000
0ebc
0281
0000
0000
0000
0000
0100
0000
0000
0000
0000
0c5c
0237
0000
0000
0000
0000
0100
0000
0000
0000
0000
0a3d
02a7
0000
0000
0000
0000
0100
0000
0000
0000
0000
31f7
0000
0121
0094
0173
016e
0000
0100
00ff
0002
0100
3206
04cb
0000
0000
0000
0000
00ed
0000
0000
0000
0000
3192
0527
0000
0000
0000
0000
00ff
0000
0000
0000
0000
309b
047e
0000
0000
0000
0000
00f9
0000
0000
0000
0000
270e
0624
0000
0000
0000
0000
00f9
0000
0000
0000
0000
1fcc
0490
0000
0000
0000
0000
0001
0000
0000
0000
0000
1ee6
0000
0074
007a
01ac
01b9
0000
0100
00ff
0003
0001
2328
03ef
0000
0000
0000
0000
01fc
0000
0000
0000
0000
2524
0000
0053
0056
0178
01f4
0000
0100
0100
0201
02fd
2744
04c4
0000
0000
0000
0000
00fd
0000
0000
0000
0000
2fb0
0430
0000
0000
0000
0000
0100
0000
0000
0000
0000
304b
04ba
0000
0000
0000
0000
020d
0000
0000
0000
0000
3185
0558
0000
0000
0000
0000
00fd
0000
0000
0000
0000
30d9
0000
00aa
009a
01c9
01d8
0000
00ff
00ff
0100
0100
30b3
0563
0000
0000
0000
0000
00f9
0000
0000
0000
0000
2899
0732
0000
0000
0000
0000
00fd
0000
0000
0000
0000
23a6
0000
007e
0080
02bd
0161
0000
0100
0100
0100
0100
21e8
04ad
0000
0000
0000
0000
01fe
0000
0000
0000
0000
249d
0460
0000
0000
0000
0000
00f9
0000
0000
0000
0000
2440
0000
0055
0060
019e
01a5
0000
0100
0100
00fb
00ff
2ba4
0000
006b
007c
0212
01ac
0000
0100
0102
0205
02ff
32cc
0000
004f
0060
01db
01c4
0000
0100
0100
0003
00ff
0b4c
0458
0000
0000
0000
0000
0009
0000
0000
0000
0000
07a3
03f2
0000
0000
0000
0000
0009
0000
0000
0000
0000
0808
0366
0000
0000
0000
0000
0009
0000
0000
0000
0000
0714
04ae
0000
0000
0000
0000
0009
0000
0000
0000
0000
073f
06d1
0000
0000
0000
0000
0005
0000
0000
0000
0000
0516
0290
0000
0000
0000
0000
0100
0000
0000
0000
0000
074e
02fa
0000
0000
0000
0000
00ff
0000
0000
0000
0000
1034
052f
0000
0000
0000
0000
00ff
0000
0000
0000
0000
0e04
0430
0000
0000
0000
0000
00ff
0000
0000
0000
0000
0826
03ed
0000
0000
0000
0000
01fa
0000
0000
0000
0000
086e
0000
035b
00f7
01ef
019d
0000
02fd
0100
0500
0100
0a0d
0513
0000
0000
0000
0000
000a
0000
0000
0000
0000
0959
0457
0000
0000
0000
0000
000a
0000
0000
0000
0000
06c9
0379
0000
0000
0000
0000
0009
0000
0000
0000
0000
0899
04b8
0000
0000
0000
0000
0009
0000
0000
0000
0000
0600
06de
0000
0000
0000
0000
03fe
0000
0000
0000
0000
04bf
02c0
0000
0000
0000
0000
0002
0000
0000
0000
0000
06ee
02c5
0000
0000
0000
0000
00ff
0000
0000
0000
0000
1036
0000
0173
018b
009c
01a2
0000
00ff
00fd
02ff
00ff
0eda
0482
0000
0000
0000
0000
00ff
0000
0000
0000
0000
0843
0000
0129
0158
0081
00c9
0000
01fe
0201
0001
0000
07ff
0000
02ae
0112
01b9
019d
0000
02fb
0100
05fe
02fc
19c0
0258
0000
0000
0000
0000
0001
0000
0000
0000
0000
177c
01d8
0000
0000
0000
0000
0001
0000
0000
0000
0000
174f
022c
0000
0000
0000
0000
00ff
0000
0000
0000
0000
1763
01ee
0000
0000
0000
0000
0001
0000
0000
0000
0000
1705
0238
0000
0000
0000
0000
0000
0000
0000
0000
0000
17b7
0248
0000
0000
0000
0000
0000
0000
0000
0000
0000
1712
024d
0000
0000
0000
0000
00ff
0000
0000
0000
0000
1583
01be
0000
0000
0000
0000
00ff
0000
0000
0000
0000
11b0
02d8
0000
0000
0000
0000
0000
0000
0000
0000
0000
14f7
0241
0000
0000
0000
0000
00ff
0000
0000
0000
0000
160f
0204
0000
0000
0000
0000
00ff
0000
0000
0000
0000
1b6c
0228
0000
0000
0000
0000
00ff
0000
0000
0000
0000
1970
01f3
0000
0000
0000
0000
00ff
0000
0000
0000
0000
19aa
01d6
0000
0000
0000
0000
00ff
0000
0000
0000
0000
1992
01f5
0000
0000
0000
0000
00ff
0000
0000
0000
0000
18fe
020f
0000
0000
0000
0000
00ff
0000
0000
0000
0000
19d2
022d
0000
0000
0000
0000
00ff
0000
0000
0000
0000
18e8
01f0
0000
0000
0000
0000
00ff
0000
0000
0000
0000
17cb
0232
0000
0000
0000
0000
0001
0000
0000
0000
0000
1491
0275
0000
0000
0000
0000
0000
0000
0000
0000
0000
15bd
025a
0000
0000
0000
0000
00ff
0000
0000
0000
0000
187b
0200
0000
0000
0000
0000
00ff
0000
0000
0000
0000
02cb
023c
0000
0000
0000
0000
0100
0000
0000
0000
0000
02e7
0218
0000
0000
0000
0000
00ff
0000
0000
0000
0000
02a2
024c
0000
0000
0000
0000
00ff
0000
0000
0000
0000
0327
01f3
0000
0000
0000
0000
00ff
0000
0000
0000
0000
03a9
0251
0000
0000
0000
0000
00ff
0000
0000
0000
0000
0320
01f9
0000
0000
0000
0000
00ff
0000
0000
0000
0000
02ee
0211
0000
0000
0000
0000
00ff
0000
0000
0000
0000
02fd
0234
0000
0000
0000
0000
00ff
0000
0000
0000
0000
02e5
01f6
0000
0000
0000
0000
00ff
0000
0000
0000
0000
031a
021e
0000
0000
0000
0000
0100
0000
0000
0000
0000
036d
0257
0000
0000
0000
0000
00ff
0000
0000
0000
0000
02c5
0000
007f
0095
0090
0088
0000
00ff
00ff
0000
0000
0291
0207
0000
0000
0000
0000
00ff
0000
0000
0000
0000
02a8
0244
0000
0000
0000
0000
00ff
0000
0000
0000
0000
0303
0205
0000
0000
0000
0000
00ff
0000
0000
0000
0000
03ae
0000
009b
0095
0085
0076
0000
0001
0000
00fe
fffe
031b
0229
0000
0000
0000
0000
00ff
0000
0000
0000
0000
0285
0207
0000
0000
0000
0000
00ff
0000
0000
0000
0000
0295
0224
0000
0000
0000
0000
00ff
0000
0000
0000
0000
02da
0200
0000
0000
0000
0000
00ff
0000
0000
0000
0000
032f
01f4
0000
0000
0000
0000
00ff
0000
0000
0000
0000
037a
0277
0000
0000
0000
0000
01fe
0000
0000
0000
0000
35e0
0000
009f
009f
00b3
00a7
0000
0000
00fe
0100
0100
37b9
0203
0000
0000
0000
0000
00ff
0000
0000
0000
0000
3976
029e
0000
0000
0000
0000
00ff
0000
0000
0000
0000
3838
026f
0000
0000
0000
0000
00ff
0000
0000
0000
0000
39a7
0227
0000
0000
0000
0000
00ff
0000
0000
0000
0000
3d55
0144
0000
0000
0000
0000
00ff
0000
0000
0000
0000
3d50
0127
0000
0000
0000
0000
00ff
0000
0000
0000
0000
3dbe
0160
0000
0000
0000
0000
00fe
0000
0000
0000
0000
3d6e
0186
0000
0000
0000
0000
00ff
0000
0000
0000
0000
3809
0000
00b7
009f
0061
0090
0000
00ff
00ff
0102
0100
3b39
0242
0000
0000
0000
0000
00ff
0000
0000
0000
0000
35bf
0000
0088
0095
00be
0088
0000
00ff
00ff
0100
01fe
370c
0277
0000
0000
0000
0000
00ff
0000
0000
0000
0000
3923
0296
0000
0000
0000
0000
00ff
0000
0000
0000
0000
37b9
02a0
0000
0000
0000
0000
00ff
0000
0000
0000
0000
3a16
01e9
0000
0000
0000
0000
0001
0000
0000
0000
0000
3d0c
011f
0000
0000
0000
0000
00ff
0000
0000
0000
0000
3d81
012c
0000
0000
0000
0000
00ff
0000
0000
0000
0000
3d98
0143
0000
0000
0000
0000
00ff
0000
0000
0000
0000
3d0c
01a8
0000
0000
0000
0000
00ff
0000
0000
0000
0000
370e
02d0
0000
0000
0000
0000
0001
0000
0000
0000
0000
3b0e
0230
0000
0000
0000
0000
00ff
0000
0000
0000
0000
0c87
0298
0000
0000
0000
0000
0100
0000
0000
0000
0000
11c7
02b4
0000
0000
0000
0000
0100
0000
0000
0000
0000
0c9b
02b0
0000
0000
0000
0000
0100
0000
0000
0000
0000
0bbc
02b2
0000
0000
0000
0000
0100
0000
0000
0000
0000
0d9e
0294
0000
0000
0000
0000
01fc
0000
0000
0000
0000
1297
0177
0000
0000
0000
0000
0104
0000
0000
0000
0000
17c6
01d0
0000
0000
0000
0000
0104
0000
0000
0000
0000
13f4
025e
0000
0000
0000
0000
01fe
0000
0000
0000
0000
0e8d
022a
0000
0000
0000
0000
02ff
0000
0000
0000
0000
0a66
0201
0000
0000
0000
0000
0100
0000
0000
0000
0000
1086
01f4
0000
0000
0000
0000
0100
0000
0000
0000
0000
0d00
026f
0000
0000
0000
0000
0100
0000
0000
0000
0000
12fc
02ac
0000
0000
0000
0000
0100
0000
0000
0000
0000
0dac
02f6
0000
0000
0000
0000
0100
0000
0000
0000
0000
0c48
026f
0000
0000
0000
0000
0100
0000
0000
0000
0000
0ef7
026b
0000
0000
0000
0000
01fe
0000
0000
0000
0000
13b9
014c
0000
0000
0000
0000
01fe
0000
0000
0000
0000
186b
0136
0000
0000
0000
0000
0100
0000
0000
0000
0000
1447
0000
00b7
00ab
0077
00df
0000
0200
0100
01fe
0002
0d81
01eb
0000
0000
0000
0000
0102
0000
0000
0000
0000
09fa
01e3
0000
0000
0000
0000
0100
0000
0000
0000
0000
0fed
020b
0000
0000
0000
0000
0100
0000
0000
0000
0000
076a
0214
0000
0000
0000
0000
0100
0000
0000
0000
0000
0b5d
01e1
0000
0000
0000
0000
01fe
0000
0000
0000
0000
11ee
0253
0000
0000
0000
0000
0100
0000
0000
0000
0000
0f1e
0214
0000
0000
0000
0000
0100
0000
0000
0000
0000
0c72
0252
0000
0000
0000
0000
0100
0000
0000
0000
0000
0fa2
0259
0000
0000
0000
0000
0102
0000
0000
0000
0000
1385
0292
0000
0000
0000
0000
0100
0000
0000
0000
0000
0f6f
0265
0000
0000
0000
0000
0100
0000
0000
0000
0000
0ede
0207
0000
0000
0000
0000
0100
0000
0000
0000
0000
0dd1
0000
00c8
00cc
00bf
007b
0000
0100
0100
0100
0100
0bc4
027d
0000
0000
0000
0000
0100
0000
0000
0000
0000
06de
019a
0000
0000
0000
0000
0100
0000
0000
0000
0000
0b47
01db
0000
0000
0000
0000
0100
0000
0000
0000
0000
11cb
0219
0000
0000
0000
0000
0100
0000
0000
0000
0000
0e80
024a
0000
0000
0000
0000
01fe
0000
0000
0000
0000
0cd4
02bb
0000
0000
0000
0000
01fc
0000
0000
0000
0000
1038
0276
0000
0000
0000
0000
01fe
0000
0000
0000
0000
1456
0000
00bd
0112
0087
0086
0000
0100
01fe
0100
0100
1019
0269
0000
0000
0000
0000
0100
0000
0000
0000
0000
0f5b
0279
0000
0000
0000
0000
0100
0000
0000
0000
0000
0deb
01ba
0000
0000
0000
0000
0100
0000
0000
0000
0000
0c8b
0272
0000
0000
0000
0000
0100
0000
0000
0000
0000
2070
0000
012c
0143
01a2
0184
0000
0203
0100
0005
0003
26d9
0000
0108
017e
0264
0340
0000
00f0
00eb
02ed
02ef
27f9
084d
0000
0000
0000
0000
000a
0000
0000
0000
0000
2c0c
0000
014d
0123
0330
0390
0000
00fb
00fb
0001
02fd
2c2a
0000
019d
0121
0262
020d
0000
01fe
0100
0003
0003
296b
0570
0000
0000
0000
0000
0102
0000
0000
0000
0000
293b
0000
00f0
012c
01cb
017c
0000
0000
02fd
00fe
00fe
2a2d
0502
0000
0000
0000
0000
0207
0000
0000
0000
0000
2cf6
0000
0085
00f8
019f
0154
0000
00ff
00ff
0200
0203
2fd8
0000
014f
0064
019d
01c8
0000
02ff
0000
02ff
0100
346d
0000
013b
0170
016f
01b7
0000
01fe
01fe
02ff
01fe
1d98
0000
01c7
01a5
0298
01a8
0000
0000
0201
0001
0001
2425
0000
01d5
01e5
027c
029a
0000
02f9
00f7
02f5
02f6
2830
0000
021f
019d
020a
01f5
0000
00f5
02f9
02f5
02f4
289e
0000
01d4
012c
01c6
019c
0000
00f5
00f5
02f5
02f5
2ae2
0000
0152
013b
0297
0219
0000
01fe
01fe
0102
0003
29f4
0000
0178
0199
01ba
0112
0000
0100
0203
0003
0003
29a7
0000
016a
00fa
017f
018f
0000
01fe
0001
00fd
00fe
298f
0565
0000
0000
0000
0000
01fe
0000
0000
0000
0000
2b4b
0000
0106
011d
0184
0117
0000
01fe
01fc
01fc
02ff
3027
0000
01e3
00e2
013d
0151
0000
0205
0001
0201
02ff
33c7
0000
016a
014b
011f
024d
0000
0003
00ff
02ff
0100
07b2
04be
0000
0000
0000
0000
000b
0000
0000
0000
0000
05f4
034c
0000
0000
0000
0000
000b
0000
0000
0000
0000
040c
029f
0000
0000
0000
0000
0100
0000
0000
0000
0000
0705
04f1
0000
0000
0000
0000
03fe
0000
0000
0000
0000
057a
04ca
0000
0000
0000
0000
0005
0000
0000
0000
0000
0431
01b1
0000
0000
0000
0000
0100
0000
0000
0000
0000
0401
0226
0000
0000
0000
0000
00fd
0000
0000
0000
0000
0f3f
03c6
0000
0000
0000
0000
00fe
0000
0000
0000
0000
15d4
0000
0110
00dc
0158
017d
0000
00fe
02ff
00ff
00ff
087c
03ad
0000
0000
0000
0000
00ff
0000
0000
0000
0000
083d
0000
0131
04d1
0072
0087
0000
00fd
00ff
fffe
01fe
0a6b
0000
039b
02a2
00e6
00b8
0000
02ff
03fc
00ff
00fd
044d
0000
00e4
00a6
00a9
0090
0000
02f6
02f9
00f7
00f7
0522
032d
0000
0000
0000
0000
0007
0000
0000
0000
0000
0850
052c
0000
0000
0000
0000
00ff
0000
0000
0000
0000
065a
0554
0000
0000
0000
0000
0003
0000
0000
0000
0000
05a2
0202
0000
0000
0000
0000
0000
0000
0000
0000
0000
04cf
01b0
0000
0000
0000
0000
00fd
0000
0000
0000
0000
1013
0399
0000
0000
0000
0000
00fe
0000
0000
0000
0000
15b5
046a
0000
0000
0000
0000
00ff
0000
0000
0000
0000
0888
03a8
0000
0000
0000
0000
00ff
0000
0000
0000
0000
08ea
0737
0000
0000
0000
0000
fffc
0000
0000
0000
0000
